     Running `/home/rusch/Projects/SpaceFort/target/debug/spacefort`
)0[?1049h[1;52r[m[4l[?1h=[?25l[H[J999999999999999999999999999999
999999999999999999990000000000
999999999999999999999999999999
999999999999999999990000000000
999999999999999999999999999999
999999999999999999990000000000
999999999999999999999999999999
999999999999999999990002000000
999999999999999999999999999999
999999999999999999990000000000
999999999999999999999999999999
999999999999999999990000000000
999999999999999999999999999999
999999999999999999990000000002
999999999999999999999999999999
999999999999999999990000000000
999999999999999999999999999999
999999999999999999990000000000
999999999999999999999999999999
999999999999999999990002000000
999999999999999999999999999999
999999999999999999990000000000
999999999999999999999999999999
999999999999999999990000000000
999999999999999999999999999999
999999999999999999990000000000
999999999999999999999999999999
999999999999999999990002000200
999999999999999999999999999999
999999999999999999990000000000